# **************************************************************************** #
#                                                                              #
#                                                         ::::::::             #
#    Makefile                                           :+:    :+:             #
#                                                      +:+                     #
#    By: rcorke <rcorke@student.codam.nl>             +#+                      #
#                                                    +#+                       #
#    Created: 2019/05/01 19:10:09 by rcorke         #+#    #+#                 #
#    Updated: 2019/07/04 17:45:03 by rcorke        ########   odam.nl          #
#                                                                              #
# **************************************************************************** #

NAME= push_swap
SOURCES= tester_push_swap.c do_ops.c libft/libft.a libftprintf.a ps_quicksort.c\
		ps_insertion_sort.c sort_4.c ps_find_median.c sort_6.c check_doubles.c \
		lookahead_functions.c sort_by_median.c find_biggest_or_smallest.c \
		sort_3_or_4_not_alone.c make_halving_array.c do_recursion.c \
		grab_4.c grab_2.c get_highest_from_stack.c

all:
	gcc -g -Wall -Wextra $(SOURCES) -o $(NAME)
#511 ints
	# ./push_swap 182  501  4  157  384   97 502 469  404   44   70   76 503 504  20  263   87  291  272  495  380  128  194   85  463  451  312  346  152    7  266  277  250   16  149  177   14  304  147  496  316  271  211  235  305  374  372  171   83  419  460   25  492  307  244  399  193   53  213  371  491  176   58   71   95   60  308  479  302  145  327    8  237  179  138    6  146  378  300  449  270  454  437  216   34   40  357  242  259  273  310  315  481  117  137  331  375  470  478   69  334  401   80  140   93   15  274  459  292  125  499  199  202   86  362  332  382  402  445  341  500  105  144  298  387  443  466  110  483  174  297  301  426   82  100   43  239  429  336  490 509 510 511 498  458   31   13  142  243  151  262  286  246  457  156  418   21  474  434  471  391  191  229   65   45  330  326  325   42  408  435  488  438   28  421  318  296   56  267  253  214  440  280   32  212  407  119  368  236  392  339   11  233  403  103  462  377  220  204   68  124   29   47  203  473  468  120  215  453  131  442  413  192  200  309  348   73  373  431  158  477   75  197  467  231  409  106  221   92   49  439  256  424  116  247  425  294   41  489  472  342  441  153   36  487  390  452  258  148  223  218  411  161  303   88  143  456  127  412  164  349  265  359  190  114   63  338   54  475  367  376  406  324  432  260  358  224  261  319  169  257  446  320  476  178  172  281  405  150  111  113  226  293  254  227  160  444  159  155  122   66  107  165  397  180  333  480  430  436  228  428  219   27  417  230  240   55  132   18  494  314  275  135  422   10   90  398  450  351    5  252  201  222  381  343   22  415   62  283  369  175  181  112  366  400  173   30  209  340  195   84   26  354   57    1  379  101  238  141  361  356  311   38  347  290  207  420   78  188  104  363  276  134  217  322   23  208  433  241  268  493  285  465  108  126  295   64  184  279  251   17  355  189  364  225  455  313   67  383  288   50  249  154   74   33  388  321  484  121  109  482  299    3   96   72  198   35  205  414  115  447  323  328   98   77  232  416  395  393  129  245    2  329  389   24  461  410  427  352  102  282   52  234  123  185  133   48  497   94   59  353  360   99  136  196  210  187  255  139   61  350  464  168  278  337  385  370  162  118  284   37  287  183   46  317  394  365  163  344  248    9  486  186  448   81  130   12  206  289 506 507 508  89  306   91 505 269  345  170   19  167  386   51   39  335  264  485  423  396  166   79

#512 ints
	# ./push_swap 159  490  369   23  451  433   69  484  368  487  410  160  446   53  166  204  274  283   92  154  173  125  262  139  361   77  276  411   46  115    9  510  479  349   66  506  434  169  317  365  463  236  184  478  221  277  191   56  501   10  250  309  477  438  124  220  500   89  259  358  219  118  102  325  300  398  292  252  240  391  339  294  467  153  113  405  419   26  208   61  359  266   41  207  470   74  460  455  303  117  193  141  176  360  270  133   54   85  233  307  280  509  503   45   86  228    2  306  254   16   43   29  318   25  116   28  285   62  299  183  492   87  246  161  268  197  144  138  239  504  440   39  272  225   96  243  245  323  152  265  481  384    6  257  175  282  441  232  499   82  424  241  425  335  258  194  402  316  187  439  351  189  415  150   68  416   65   81  372  430  105  331  346  475  209  413  443  407  354  387  170  249  148   58  348  314  214   91  271  480   52  206  462  476  302  157  322  278   98  336   27   99  248  448  389  370  231  213  114   90   33   13  321  344  363   22  205  412  224  472  137  474  382  435  422  313  511  508  502  199  345   12  242  495  198  311   79    7  103  110  340  378   71  287  404   47  352  393  399  123  381  454   94   34    8  172  367  396  163  496  218  465  181  377   57  450  421  165  304  428   60  168  408  497  366  234  217  488   42  158  498  380  406  423  263  201   70  126  483  466  106  312  120  507   97  269  394  238   20  253  486  121  288  112  147  109  131  111  298  338  341  256  390   84   31  267  330  305  143  342  456  155   80  145  146   63  247  401  350   83  229  107  260  512  457  347  136  386  310  431  452   19  505  395  156  308  251   88  444   24  226  135  301  192  190  469  211    4   73  100  174  261  379  210  108  418  403   95  409  319  127  383  328  222  275  332   51  458  182  491  420   40  281  337  493    5  215  355  140  373  376  178  429  289  468  286  134  223  186  449  101   35  212  255  177   37  494  167   36  171  447  357   38  180  432  329  374  119  388  353   18   11  324  392   32  296  343  200  461  489  464  326  179  297   17   76  202  128  315  196  397   59  414  426  104  485  334  230   49  295  185  436  333    3  445  273  417  264  195  237   93  400  362  130  453    1  216   78  471  385  371  327  188   15  442  473  149  356  279   75  244  151  122  132   14  437  203  364  427  459   44  162   72   64  284  482  129  164  290  291  293   55   48  142   21   67  227  375   30  235   50  320

#505 ints
	./push_swap  68  323  148  169  236 238  297  362 100  226   97  186  229   65  438    4  116  457  381  164   70  218   41   32  124  227  501  134   19  264  302  440  273  490  174  369  419  180  474   77   52  324  241  442   16  183  254   80  437   10  452   92  334  144  360  388   21  158  270  376  232  246  487  252  217  118  211  157   95  345  248  314  123  484   86  203  132  318  319  463  316   88   20  439  505  465  215  114  466  122  408   18  307  317  443  380  430  353   74  425  393  162  330  198  415  407  498  470  150  182  356  260  266  115  424  423  451  269   25  178  285  160  431  258  485  191  361   35  404  206   26  127  243  479  121  441   51  195  500  205  251   11  291  171  200  433  130  427  312   75  175   50  294   29  432  139  153  225   37  416   57  476  325  293  199  332   87  230    2   62   89  329   47  239  379  480  383  267  209  181  135  221  276  337  458  147  378  255  385  274  103  289  461  422  224  462  197  193  386   83  309  389  249  228  194  145  456  263  104  210  250  167  491  166  288  341  165  168  105   58  358  216  344  372   76  343   22  176  453  471  368  475  109  339   45   66  335  196  133  489  277  444  486  177  110  107  235    1  149  290  213  101  292  354   63  468  396    7  357  113  359  303  201   81  488  187  296   40  328  219  338   71  271  395  355  300  417  117  450  374  214  392  256  403  140  244   64   31  371  428  179  146   67  154   28  478   36  448   12  301  504  387  333  398  377  151  282  287  349   96   38  495  306  327  136  399  331  414  188  299   90  152  454  281  155  202  308  400   55  222  223  390  492  298  482  262  141  467  410  321  370  460  278  496  472  102  445  483  436  125  184   61  446  473  111  279  119  477  185   69   49  364  261   60  106  455  402   30  481  375  120    3  237  409  161  411  233  384  272  322  406   24  391  346   72  449  280   78  320   44  170   91   39  502  429  163   98  192  159   17  189  304   99  413   23   85   46    9   93  295  245  315  143  220  253  401  234  172  347  231  412  126  366  365  421  242  131   34   56  497   73    8  112   48  275  207  350  311  108  305  426  212  394  268  447  240  340   27    5  351  503  173  247  156  405  257   53   82  373  494  363  142   13  434   14  420   43  493   54  326  336   42   79  259  129  283  313  367  138  310  208    6   84  286  265  397   33  348  499  137  464   94  352  284  128  342  190  469  382  435  418   15  459   59  204

#504 ints
	# ./push_swap 220  119  292   27  483   81   92  455  415  349  284  145  315  428  233   99  427  348   64  312  222  172  339  321   62  143   29  417  350  352  325  402  277  159   97  106  425  367  336  493  341  462   57  255  273  213  338  207   73  362  381   98  188  464   44  467  366  386  469  334  316  169  340   84  399  379   40  342   14  259  287  251    8  125   43  203   26  343  420  103  195  482   16  291   65  424  224  114  161  112  152  244  328  496  419   90  171  185   68  216  405  445  272  215   69   10  219   63  258  155  279  231  261  234  123   25  448  480  477  127  132  204   51  392  492  120   83  206  452  175   22  450   18  318  173  413  502  327   72  263  122  128  295  400  283  131  154  346  110   74  205   94  109  276  223  282  457  167  150   36  466  443  238  252  108  387  354  463  388  183  395  394  181  323  147   19  371  361  202  410  355  406   54  176  404  407  499  111  225  157  495   15  139  165  275  449  196  438  160  468  476  254  308   39  242  430  465  158  305  373  162  393    2  262  298  431  118   47  368  441  408  116   79  422  473  138  364   61  374    4   30  421    1  351  177  268   45  329   23  474  228   71  504  494  221  296  456  370  265  191   93  260  249  101  200  144  396  403  142  179   67  211  146    6   77  333  384  135  299  270  372   85  201  285  115   31   95  369   96  385  320  501   12  130  193  198   13  209   75   17  344  358  397  313  490    7  311  266  472   37  194   82   42  458    9  281  423   35  375  186  300  290  470  182  140   32  253  286   55  166  264  378  294  497   66  401  309  248  390  243  148  218   20  230  301   38  322  247  121  389  380  471  100   50  271  256    5  164  382  347  178  356  187   91   33   70  237  337  360    3  435  105   86  199  330  184  239  232  353  141  174  124   88  324  398  475  319  437  189  383  302  197   28  240  226  432  447   87  442   21   59  478  481  113  136  274  459  345   24  314   48  246   53  416  104  269   76  190  134  503  326  434  479  485  156  133  229  310  440  180  359   52  439  107  245  227  212  418  137  332  280  304   49  453   34  241  117  288  487  498   89   60  436  377   78  433  170  376  168  149  278   56   11  484   80  335  414  163  444  500  129  293  365  306  429   58  235  491  208  488  214  331  426  363  250  489  267  153  297  236  460  391  357  412  126  451  151  210  486  217  446  454  307  102  317  409  289   46  411  192  461  303  257   41

#503 ints
	# ./push_swap 270  420  475  326  503  288  376   90  307  123  130  210  185  107  196  372  403   96  135  419  218  247  221  379  407  289  274  114  235  245  236  209  451  411  448  156  141  449   44    9  295  240  349  374   62  128  388  486   40  248   50   97  167  163  153  110  257  305   83  301   54  413   82  330   86  320  263  337  306  445   61  233  397  112  441  405  121   21    6  287   27  336   91  111  399  353   14  171   47   89  142  276  341  309  157  173  432  214  182   25  149   80  199   48  201   24   63  198  204  165  118  282  440  183   32  446  302  439  133  392  393  180   93  106   58  228   67  444  375  386  104  147  286  136   57  275  100  154  244  436  401  410  310   15  474    7   43  208  471   19  200  211  113  256  426  271  502   66  476  340  166  365  335  322  429   23  131  292  239  127  217  317  478   45  327  304  357  418  232  230  303  308   30  366  431  367  356  148  383  299  455  265  479  414  313  219  205  328  311   20  115  152  400  194  495  246  203   79   35   59  460  177  373  252  370  122   38  238  262  487  395  443  267  175   73  473  342   88  220  492  387  382  359  489  159  162  462   10  158  191  389  334  402  363  164  168  169  482  362  170  461  316   28  227  285  290  178  296  352  361  318   92   81  283    1  297  225  416  435  172  466  465  109  345   64  250  457  281  189  140    4   72  464  124   34  358  470  331   42  117   49  484  234  425  381  125   16   94  222   77  254  216   56  215  409  355   74   84  351  273  377  481  493  368   99  119   37  339   39  344  456   29  497  332  467  145  485  385  264  212  346    5  323  390  249  291  343  269  181  139  143  463   31  469  452   13    3  298   41  192  408  404  255  134  314  223  242  190  369  132  258  268  394  138  459  184  329  424  412   33  458  146  325  501  468   87  494   60  480  186  380  396   95  266  490  434  360   26   12  151  226   65  398  284  202  391  259   70  371   11  319  116  187  176  453  430  224  498  312  364  237    8  454   85  406  294  277  324  102   51  105  437  206  161  229  354   71   75  103  101  129  120  499  179  496  417  442  293  421  491   76  488  338  243  272  472   78  197  447  231  477  438  150  450  415  422   55   52  207  144  427   36  300   46  213  253  174  500  433  350   17  384  126   68    2  348  378   53  333  195  261  137  428  260  241  321  347   69   98  193  188  315  280  278  160  108   18  155  483  423  251  279   22

#502 ints
	# ./push_swap 354  255  170  205  343  422  112  296    7  458   18  386  145   43  396  355   37  430  330  442  342   93   25  486  306  414  185   73  310  143  151  487  265  424  499  215  203  163  373  180  367   90  498    4  245    5  359  289  382  421   41  248  144  497    1  121   56   78  115  323  360   80   26  222  190  339  108  399  267  357  404  341  262  361   39   34  482  276  246  441  488  207  365  327  138  109  295  297   48  226  448  493  148   98  393  489  217  159  117  491  371  300  193  268  114  383   76   12  150  254  468  318  263  492  477  410  249  485  292  198  307  496  423   88  320  379  353  288  348   38   60  130  369  247   44  280  413  451  142  129   97  401  250   72  334  141   13  243  465    9  481  311  470  218   86   77  259  269  274  241  298  356  164  490   11  238  177  157  162  303  196  219  168  429  438    3  113  176  375   66  431  314  362  294   45  127  335  125  425  122  319   28  173  208  380  293  210  474  317  251  345  299  153  256   94  385  119  271  392   54  242  305  220  156  400  175  476   21   49  417   33  436  104  419  229  464   59   62  283  450  140   87  214  213  137  278  221  195  452  494  146  235  445  253  124  440  502  273  136  326  346  427  418  118  447  183   65  133  454  206  134   91  338  186   85  324  172  364  234   75  350  211  469   24   29  161   74  315   92  126   47  340  284  412   52  411  370  405  155  232  106  376  194  223  227  105  378   58  304  395  384  312  316  434    2   50  290   20  478  103   63  460  466   53  500  258  407  135   46   55  347  328  352  377  197  409  188  446  171  252  455  257   84  426  179  374  228  391  366   64   17  332   89   70  398  184  169  200  231  501  264  415  286   40  463  387  154  101  178  120   16  279  233  240   99  313  433  483  416  158  325  201  495  270  272  261  459  432  167   95   10  166  473   22  420  462  131   61  204   14  165  239  174  236  388  224  181  408   15  302   42  225  123  182  349  337  333  444  467  368  471   36  111  394  230  456  322  277   31  336    6  403  202  358  301   96   30  149  406  472  187  461    8  102  443  212  128  282  329  152  381  344  189  100   19  199   35  275  390  351  237  475   57   27  160  260  480  372  309  287  437  107  308   51   81   79  191   32   67   69  192  116  216  397  389   83  281  457  209   23   68  428  110  453  479  363  435  449  266  132  285  439  139   71  321  484  331  147  244   82  291  402

#501 ints
	# ./push_swap 373  164  330  106   75  476  202   83  369   22  187  138  141   53  413   25  478  417  122   57  219  409  404  285   74   77   11  209   34   31  388  382  323   84  375   52  436   55  146  314  290  310  212  185  294  438  301   20  393  107  312  378   85  125  306  211  386  114  247  443    5  194  101  345  326  286  452  162  261  490  188  311  391  282   10  160  297   13  328  459   30  228   88  499  416  165   37  383  176  460   19  430  137  327  401   79  473  292  217  500  244  184  232  264  183   89  133  456  415  445  174  243   32  434    3  403  239  296  419  192  279  197  414   50   71  172   94  100  418  397  355  491  256  379   73  291   48  252  319  299   60  120  463  198  498   68  341  110  455  189  267  196   91  396   40  385  152  482  109   42  427  501  216  173  451  230  351  442  318   44   63  208  126   17  433  115  135  389  358  271   98   39   51  214  432  199  269  241  466  408  464    9  153  289  367  315  384  148  381  200    4  398  342  446  242  390  293  316   16  287  425  277  258  348  149  489   66  496  347  471  339  324   78  156  410  263  479  275  309  322    1  218    6  163  370  475  343  407  361  105   82  151  104   26  155  472  253  295   38  158   69  477   43   97  492  486  484  143  116   72  439  220   49   86  246  274  495  278  262  119  453  338  308  366  428  222  364  257  191  215  352  235   45  494  481   61  167   92  394  245  127  447  182  346  236  276  405  468  268   36   33  113  303  213   28  111  177  365  333  142  444  280  325  349   46  226  356  234  270  240  210  448  205  169  224  288   12  193  435  387  449  406  168   80   56  321   47  357  221   24   95  363   99  302  344  227  175  124  497  144  488   62  186  360  108  136  300  305  470  103  166  298  362   65  380  480  178  237  320   27  231  283  181  359  121  350  161  440   23  145  461  487  102  462   21  233  457  423  190  485  130  374  368  431  395  337  180  139  171  313   29   41  483  329   90  441  420  402  307  150   59   76  450   87   81  281  203   70    2  154  437  251  465  304  249    8  129  170  206   96  159  157  147  334  248  201  132  254  335  376  412  422  429  458  207   14  400  392  284  474  112   67   58  117  118  454  259  229  255  399  265  179  371   54  467  411  131  421  372  250  225   15  426  377  260  272  340  195  331  317  223  128   93  493   18  134  204  123  336  273  353  238    7  266  140  332   35  469   64  354  424  

#500 ints
	# ./push_swap 370  331  169  375  447  400   69  133  445  378   51  309  107  120  317  122  253  220  413   38  419   75   33   73   83  232  352  140    4  415  118  205  357  454   62  384   59   92  109   16  385  417  135  390  493  148  284  342  256  126  395  293  104  366   43  114  259  258  365  149  285  450   26  468    7   99  159  247  329  334  265  123  482  216  132   29  359  142  117  172    5   91  228  328  288  100  105  108  102  273   36  477  236  286  292  491  381  452    1  453  156  424  224  402  349  369  319  184  327  151  153  157  193  348  280  270  463   60  202  460  470   94  274  442  431  314  306  298  176  262   85  210  110  315   22  326  387  341  238   56  145   35  121  433  240  376  137  221  456  158  426  161  411  421  263   20  489   68  310  353  144  138   30  467   27  167  474  106  475  134  287  190  115  488  155  405  214  407  371  188  199   32  300   28  218  455  481  185  322  131  234   52  130  420  278  255  436  150  333  462  212  429  311  449  312  297  499   53  466  116  486  204  458  398  170   74  211   98  351   58   72  225  399  418  183  113  200  295  364  335  321   25   17  272  479  301  382   79  154   49  416   47  367  443   55   87   70  484  164  136  435  103   42   24  461  119   40  496   78  194  465   67  423  177  471  283   97  373  354  290  308   57  410  448  325  197  316  380  241  459  478  355  219  412  186  264   64  434  195  324  409  227  318  332  269  175   44   76  320  166  179  196  165  160  246  248  394  171  252  198  201  313  243   86   31  230  239  339  361  337  281  242  441  271  129  180  163   48  356  437   65  127    6  208  152  457  296  425   13  473  476  250  377  282  244  346  294  303  125  141  305  446   84  440   21  215  495  187  147  251  396   12  344  392  168  299   14  203  363   54  226  304  389  469  451  217   80  388  182  139  191  472   46  372  480  289  362   11   88  209  427   19   95  430   10  444    3  338  393  276  414  439  464   50  277  237  330  422   15  257   77   23  401    8  323  245  498  336  229   90   81    2  374  111  207  404  146  497   34  101  174  231   96  268  428   18  383    9  178  406  307  485   41  379  438  254  124  291  391  235  492   66  128  397  500  343  279   93  267  340  222  223  261   63  206   71  403  494  483  302  368  189  487  173  143  490  112  358  249  181   89  162  432   37  266   82   39  360  233   45  408  192  386  275   61  345  260  347  350  213

#499 ints
	# ./push_swap 271  415  417  356   72  278  301  265  114  351   54  197  142  332   95  254  273   30  158   29  276  210    1  144   78   16  480   85  253  192  475  217   55  337  308  153  404  289  331  446  379  186  227  201  477  320  113  350  260  382  426  413  439  243  460  294  401  267  264  204   56  156  181  369   79  233  396  368  491  220  150  141  292  443  402  456  462  316  393  125  374   22   53  108  212   44  373  235  121  163  140  300  323  259  130  343  336  100   74  236  486  275  225  115  242  112  232  489   12   93  203  405   35   52  433  499  279  341  241  146  159   94  498   88  403   17  173  229  421   83  191  346  239  353  245   38  244  187  492  344  282  256  365   26  296  312   37  247  325  188  387  361  195  299   59   51  394  452  416    3  497  207  218  183  134  329  488  345  327  129  482  223  358  412  485  399  321  342  270  124   67  490  118  193   11   31  448  120  145   80  288   77  103  397  375  424  306  211   47  189  252  319  251  449  434  147  286  435  283  474   62  330  384  400  219  479  302   81  349   90  107   75  293  222  102  131  248  471  221   50  425   68  380   65  418    9  122  450  333  261  362  465  335   82  269  165  297  444   48    6  372  390   28   99  326  170  154  285   61  152  178  206   34  169   40   10  234  366   42  258  467  180  463  438   20  409  338  360  132  442  454  383   91  423  478  311   92  328  487  157  313  155  200   13  470  162  340  436  111    8  137    2  136  378  493  291   76  440  179  304  274  182  128  176  445  307   98  395  172  246  407  298  202    5  166  199  370  381  303  484  226   66  451   19  262  263  468  133  457  151   23  168  469   58  392   89  238   46   24  196  410  104  237  184   71  284  473  126  138  496   25   39   27  376  429  453   87  268  116  174  249  295  250  224  314  385  422  185  148  119  483  437  339  367   97  214  481  305  101  406  290  164  143  411  272   43  209  257   73  359  461  280  281  389  309   45  386  135  447  149  347  363   36  466  228   15  427  419  494  230    7  194  472  317   14  266   63  213   64  177   86   41   49  287  315  255  175  318   21   57  127  215  105  324  391  414   70    4  354  334  430  495   33  455  160  171   60  357  322  428  167  420  352  190  388  464  459  432   69  161  205  348   18  277  216   84  364  355  371  139  476  310  109   96  117  231  208  377  408  106  198   32  441  240  110  431  398  458  123

#498 ints
	# ./push_swap 346  100  221   47  274   77  136   32  403  204  465  457   57  270  260  121  330  416   28  384  308  385  201  234  313   76   17  215    9  349  280  295  426  210  321  303  347  208  256  271  429  400  246  183   14  165  173  155  318  116  358  102  202  216  266   68  230  259  193   66  140  341  171  218  181  222   54   74   98  213  332  211  278  448   72  134  214   44  117  139  398  236   94  343  286  166  109   84  144  207  106  128  490  272  227  156  112  496  195  388  394   53  199  223  225  442   70  484  265   29   41  417  252  131  338   83   69  163  355  324   88  382  452   26  320   43  462  350  167  148  118   31  415   58  369   33  450  386   42  460  389  281  262  291  421  393  456   81  127  381  184   85  413  228  348   18  423  446  340  316  151  366  209  277  362  147  443  284  410  250  412   34  331  231  453  302  354  269   23   73   89  439  194  101  159   65  488   80  491  247   10  158   24  288  483  408  383  479  409  251  390  283  319   56  434  244    7  444  476  185  113  309  107  392  487    2  397  235  497  296  312  273  485  205  267  142  352   22    1  249  164   48  190  188   27    8  212  441  154  472  264  433   71  345  473  110  143  399  257   96  111  498  342  449  168  451  418  466  387  495  179   60  334  290   86  395  242  224  276  294  206   95  406  186  474  138  161   92  299  401  427  468  129  180   16  200  279  445  435  344   46  420  115  364  325  436  160  365  361  119  378  454  419  437  263  282  132  371  178  187  238  328  275  391  145  376  170  428  425  203   36  372  363   35  245  130  477  196   15  339  459  124  317  293  356  241  220  198  463    6  304  447   45   61  353  486   63  108  191   55  169  300  219  432  232  414  305  248  467  380  123  493   25  182  377   52  333  461  177  370   49  404  150  261  368  258   40  135  482  327  192  494  359   67  458  411  469  114   51  233  405  253  430  197   20  336  455  176  122  301  373   62  175  470   38  326   59   90  162  289  307   64  357  374   91  298    5  367  375   75  146  125  492   39  424  335  402  292  351  152  240   12  431   78  475    4  480   11  149   87  287  478  126   19  237  297   30  464  243  137  104  157  337  229  172   97  174   13    3  440  226  254  322  103   50   82   21  422  311  153  310  285  105  481  120  438  471  255  314  189  379   93   79  323  306  133   99  217  141   37  489  268  396  360  407  315  239  329

#200 ints
	# ./push_swap  10   63   16   70  107   81  168  142   96   60    8  126  127   50   66   40  112   62  181  164  186  172  143  195  110  132   46  198  183   92   90  124   55  196  193  179  166   97  113  123  199   56  192  103   48   80    1   19   23  170   20  153  137  184  200   58  180   29   79   57  100    6  144  182  173   52  109    9  165  106  116  191   31  139  121   30   22   89   64   42   39   37    2   44   78  138   51  115  194   91   95   17   25   26  119    5   11  152  117  141   98  136    3   82   38   68   33   75  161   36    7  135   83  159  171   15  104  108  140  197   73  145  157   34   32  185   35  167  146  148   65  158  178   12  134  129   41  149  176   59   84   53  177   71   99   93  174  190   43   14  131   28  105  154   49  155  151  156  120   94    4   74  188   77  133   67   85   72   87  102  163  128   45   27   13  130  175   47  147  114   24   88   69  187  118   76   21  101  125   18  150   61  189  122   54  162   86  111  169  160

#102 ints
	# ./push_swap 55	31	95	42	44	89	38	10	52 101	11	6	47	68	83	50	5	88	41	46	13	98	56	85	72	9	71	48	8	57	99	65	30	4	23	66	69	14	35	54	81	36	78	26	20	51	21	67	53	25	18	22	90	93	94	87	91	3	32	74	7	15	27	60	19	80	63	62	75	40	92	29	97	76	1	84	77	33	100	16	61	37	59	43	34	39	49	96	64	82	79	70	86	73	45	28	17	2	58	12	24 102

#101 ints
	# ./push_swap 55	31	95	42	44	89	38	10	52 101	11	6	47	68	83	50	5	88	41	46	13	98	56	85	72	9	71	48	8	57	99	65	30	4	23	66	69	14	35	54	81	36	78	26	20	51	21	67	53	25	18	22	90	93	94	87	91	3	32	74	7	15	27	60	19	80	63	62	75	40	92	29	97	76	1	84	77	33	100	16	61	37	59	43	34	39	49	96	64	82	79	70	86	73	45	28	17	2	58	12	24

# 100 ints
	# ./push_swap  70   89    5   69   71   14   11   96   19   93   40   45    3   57   56   25   72   43    8   51   80   87   44   85   60   62   98   21   64   67   10   26   81   55   48   38   13   23   61   20   77   58   95   75   74    1   37   68  100   41   66    6   47   97   76   24   86   32   54   92   31   35   52   84    7    9   27   29   12   73    4   30   46   49   33   16   59   65   34   88   83   90   79   17   22   42   36   15   91    2   63   53   82   94   50   18   78   99   39   28

#99 ints
	# ./push_swap 55	31	95	42	44	89	38	10	52	11	6	47	68	83	50	5	88	41	46	13	98	56	85	72	9	71	48	8	57	99	65	30	4	23	66	69	14	35	54	81	36	78	26	20	51	21	67	53	25	18	22	90	93	94	87	91	3	32	74	7	15	27	60	19	80	63	62	75	40	92	29	97	76	1	84	77	33	16	61	37	59	43	34	39	49	96	64	82	79	70	86	73	45	28	17	2	58	12	24

# 65 ints
	# ./push_swap 37  56  34  48  41  59  17  21  10  20  46  44  29  11  50  24  12  32   5  38   4  55  57  39   8  64   2   6  51  43  25  40  49  52  65  13  33  31  30  42  45  62  23  26  58   7  28  54  18  15   9   1  63  53  27  19  16  36  47  35  22  14  61   3  60

# 64 ints
	# ./push_swap 42 52	28	16	18	32	12	19	46	20	3 53 64	45	37	31	26	43	34	41	23	51	39 63	30	17	10	2	50	33	29	24 57	22	8 54 62	9	27	6 61	38	35 55	40	48	25	56 7	14	36 60	49	44	15	4	47	13	21 58	1	5	11 59

# 63 ints
	# ./push_swap 21  51  31   6  42  63  11  14  15  38   8  57  39   1   9  55  20   3  16  26  30  47  36  10  23   7  46  32  33  19  29  48  34  28  22  52  17  50  60  41  37  61  58  45  54  49   4  62  25  35   2  40  53  44  56  18  59   5  24  43  13  27  12

#54 ints
	# ./push_swap  43  11  56   4  51  23  52  49  38  20  15  32  34  57   3  26   5  44  24  28  45   2  41  19  36  46  12  47  48  13  50  16  21  58  27  25  18  33   7  54  14  30  59  17  53  31  40   1  22  39  55  42  29  10

# 58 ints
	# ./push_swap 50 53 51  54 55 56 6  48  44  43  29  20  23  22   2   8  10   9  52  38   3  24  11  21   1  27  25  15  51  16  50  28  47   5  40  39  41  18  32  14  30  33  35   7  26  49  37  13  19  36   4  34  42  12  45  31  17  46

# 50 ints
	# ./push_swap  8  48   3  17  38   1  11  43  28   9  33  31  30  15  13  36  24  18  50  22   6  37  45  25   7   5  26  34  44  14  35  23  49  20  42  12  29  21  27  10  41   2  16  19  47  40  39  32  46   4

# 49 ints
	# ./push_swap 8  47 3 48 17  38   1  11 49 43  28   9  33  31  30  15  13  36  24  18  22   6  37  45  25   7   5  26  34  44  14  35  23  20  42  12  29  21  27  10  41   2  16  19  40  39  32  46   4

#6 ints
	# ./push_swap 11 9 5 3 2 1


#	500

#	250		250		500
#	125		125		250
#	63		62		125
#	31		31		62
#	15		16		31
#	7		8		15
#	3		3		6

#	